# Global parameters
global:
  periods: 48                     # Number of half-hour periods in the day
  period_seconds: 1800            # 30 min per period
  tokens_per_job: 2000            # Tokens per inference job
  total_daily_jobs: 1000000       # Total jobs in the horizon
  min_share: 0.0                  # Minimum share of demand per tier (0 disables constraint)

# Demand shape (normalized to sum to 1, length = periods)
demand_shape: 
  [0.2,0.2,0.2,0.3,0.4,0.5,0.8,1.0,1.2,1.4,1.5,1.5,1.4,1.3,1.2,1.1,1.0,1.0,1.2,1.4,1.6,1.8,1.7,1.2,
   0.2,0.2,0.2,0.3,0.4,0.5,0.8,1.0,1.2,1.4,1.5,1.5,1.4,1.3,1.2,1.1,1.0,1.0,1.2,1.4,1.6,1.8,1.7,1.2]

tiers:
  DC:
    throughput: 35000              # tokens/sec
    parallel_units: 1
    utilization: 1.0
    comp_energy: 6.02              # kWh per job (after PUE adjustments)
    embodied_carbon: 0.05248       # kg CO₂ per job amortized
    carbon_intensity: .450          # gCO₂/kWh
    grid_fraction: [0.15, 0.15, 0.15, 0.15, 0.15, 0.15, 0.15, 0.15, 0.15, 0.15, 0.15, 0.15, 0.15, 0.15, 0.15, 0.15, 0.15, 0.15, 0.15, 0.15, 0.15, 0.15, 0.15, 0.15, 0.15, 0.15, 0.15, 0.15, 0.15, 0.15, 0.15, 0.15, 0.15, 0.15, 0.15, 0.15, 0.15, 0.15, 0.15, 0.15, 0.15, 0.15, 0.15, 0.15, 0.15, 0.15, 0.15, 0.15]     # List of fractions per period (use [value] * periods)
    idle_power_w: 50

  SDC:
    throughput: 1500
    parallel_units: 4
    utilization: 1.0
    comp_energy: 0.576
    embodied_carbon: 0.04934
    carbon_intensity: .550
    grid_fraction: [0.8, 0.8, 0.8, 0.8, 0.8, 0.8, 0.8, 0.8, 0.8, 0.8, 0.8, 0.8, 0.8, 0.8, 0.8, 0.8, 0.8, 0.8, 0.8, 0.8, 0.8, 0.8, 0.8, 0.8, 0.8, 0.8, 0.8, 0.8, 0.8, 0.8, 0.8, 0.8, 0.8, 0.8, 0.8, 0.8, 0.8, 0.8, 0.8, 0.8, 0.8, 0.8, 0.8, 0.8, 0.8, 0.8, 0.8, 0.8]
    idle_power_w: 45

  EDGE:
    throughput: 1500
    parallel_units: 1
    utilization: 1.0
    comp_energy: 0.01243
    embodied_carbon: 0.02667
    carbon_intensity: .360
    grid_fraction: [0.95, 0.95, 0.95, 0.95, 0.95, 0.95, 0.95, 0.95, 0.95, 0.95, 0.95, 0.95, 0.95, 0.95, 0.95, 0.95, 0.95, 0.95, 0.95, 0.95, 0.95, 0.95, 0.95, 0.95, 0.95, 0.95, 0.95, 0.95, 0.95, 0.95, 0.95, 0.95, 0.95, 0.95, 0.95, 0.95, 0.95, 0.95, 0.95, 0.95, 0.95, 0.95, 0.95, 0.95, 0.95, 0.95, 0.95, 0.95]
    idle_power_w: 25